1 0 -1 4
191.25 191.25  0.51
191.25 191.25 129.49
191.25 -191.25 129.49
191.25 -191.25  0.51

0 0 -2 4
191.25 -191.25  0.51
191.25 -191.25 129.49
191.25 191.25 129.49
191.25 191.25  0.51

4 1 -1 4
192.00 192.00  0.00
192.00 -192.00  0.00
192.00 -192.00 130.00
192.00 192.00 130.00

5 1 -2 4
192.00 192.00 130.00
192.00 -192.00 130.00
192.00 -192.00  0.00
192.00 192.00  0.00

6 2 -1 4
191.25 192.00  0.00
192.00 192.00  0.00
192.00 192.00 130.00
191.25 192.00 130.00

7 2 -2 4
191.25 192.00 130.00
192.00 192.00 130.00
192.00 192.00  0.00
191.25 192.00  0.00

11 2 -1 4
192.00 -192.00  0.00
191.25 -192.00  0.00
191.25 -192.00 130.00
192.00 -192.00 130.00

10 2 -2 4
192.00 -192.00 130.00
191.25 -192.00 130.00
191.25 -192.00  0.00
192.00 -192.00  0.00

12 3 -1 4
192.00 -192.00 130.00
191.25 -192.00 130.00
191.25 192.00 130.00
192.00 192.00 130.00

13 3 -2 4
192.00 192.00 130.00
191.25 192.00 130.00
191.25 -192.00 130.00
192.00 -192.00 130.00

15 3 -1 4
192.00 192.00  0.00
191.25 192.00  0.00
191.25 -192.00  0.00
192.00 -192.00  0.00

14 3 -2 4
192.00 -192.00  0.00
191.25 -192.00  0.00
191.25 192.00  0.00
192.00 192.00  0.00

2 1 -1 4
-191.25 -191.25  0.51
-191.25 -191.25 129.49
-191.25 191.25 129.49
-191.25 191.25  0.51

3 1 -2 4
-191.25 191.25  0.51
-191.25 191.25 129.49
-191.25 -191.25 129.49
-191.25 -191.25  0.51

9 1 -1 4
-192.00 -192.00  0.00
-192.00 192.00  0.00
-192.00 192.00 130.00
-192.00 -192.00 130.00

8 1 -2 4
-192.00 -192.00 130.00
-192.00 192.00 130.00
-192.00 192.00  0.00
-192.00 -192.00  0.00

11 2 -1 4
-191.25 -192.00  0.00
-192.00 -192.00  0.00
-192.00 -192.00 130.00
-191.25 -192.00 130.00

10 2 -2 4
-191.25 -192.00 130.00
-192.00 -192.00 130.00
-192.00 -192.00  0.00
-191.25 -192.00  0.00

6 2 -1 4
-192.00 192.00  0.00
-191.25 192.00  0.00
-191.25 192.00 130.00
-192.00 192.00 130.00

7 2 -2 4
-192.00 192.00 130.00
-191.25 192.00 130.00
-191.25 192.00  0.00
-192.00 192.00  0.00

15 3 -1 4
-191.25 192.00  0.00
-192.00 192.00  0.00
-192.00 -192.00  0.00
-191.25 -192.00  0.00

14 3 -2 4
-191.25 -192.00  0.00
-192.00 -192.00  0.00
-192.00 192.00  0.00
-191.25 192.00  0.00

12 3 -1 4
-191.25 -192.00 130.00
-192.00 -192.00 130.00
-192.00 192.00 130.00
-191.25 192.00 130.00

13 3 -2 4
-191.25 192.00 130.00
-192.00 192.00 130.00
-192.00 -192.00 130.00
-191.25 -192.00 130.00

52 4 -1 4
191.25 -191.25  0.51
191.25 -191.25 129.49
-191.25 -191.25 129.49
-191.25 -191.25  0.51

53 4 -2 4
-191.25 -191.25  0.51
-191.25 -191.25 129.49
191.25 -191.25 129.49
191.25 -191.25  0.51

11 2 -1 4
191.25 -192.00  0.00
-191.25 -192.00  0.00
-191.25 -192.00 130.00
191.25 -192.00 130.00

10 2 -2 4
191.25 -192.00 130.00
-191.25 -192.00 130.00
-191.25 -192.00  0.00
191.25 -192.00  0.00

12 3 -1 4
191.25 -192.00 130.00
-191.25 -192.00 130.00
-191.25 -191.25 130.00
191.25 -191.25 130.00

13 3 -2 4
191.25 -191.25 130.00
-191.25 -191.25 130.00
-191.25 -192.00 130.00
191.25 -192.00 130.00

15 3 -1 4
191.25 -191.25  0.00
-191.25 -191.25  0.00
-191.25 -192.00  0.00
191.25 -192.00  0.00

14 3 -2 4
191.25 -192.00  0.00
-191.25 -192.00  0.00
-191.25 -191.25  0.00
191.25 -191.25  0.00

55 2 -1 4
-191.25 191.25  0.51
-191.25 191.25 129.49
191.25 191.25 129.49
191.25 191.25  0.51

54 2 -2 4
191.25 191.25  0.51
191.25 191.25 129.49
-191.25 191.25 129.49
-191.25 191.25  0.51

6 2 -1 4
-191.25 192.00  0.00
191.25 192.00  0.00
191.25 192.00 130.00
-191.25 192.00 130.00

7 2 -2 4
-191.25 192.00 130.00
191.25 192.00 130.00
191.25 192.00  0.00
-191.25 192.00  0.00

15 3 -1 4
191.25 192.00  0.00
-191.25 192.00  0.00
-191.25 191.25  0.00
191.25 191.25  0.00

14 3 -2 4
191.25 191.25  0.00
-191.25 191.25  0.00
-191.25 192.00  0.00
191.25 192.00  0.00

12 3 -1 4
191.25 191.25 130.00
-191.25 191.25 130.00
-191.25 192.00 130.00
191.25 192.00 130.00

13 3 -2 4
191.25 192.00 130.00
-191.25 192.00 130.00
-191.25 191.25 130.00
191.25 191.25 130.00

72 3 -1 4
191.25 -191.25  0.51
-191.25 -191.25  0.51
-191.25 191.25  0.51
191.25 191.25  0.51

73 3 -2 4
191.25 191.25  0.51
-191.25 191.25  0.51
-191.25 -191.25  0.51
191.25 -191.25  0.51

15 3 -1 4
191.25 191.25  0.00
-191.25 191.25  0.00
-191.25 -191.25  0.00
191.25 -191.25  0.00

14 3 -2 4
191.25 -191.25  0.00
-191.25 -191.25  0.00
-191.25 191.25  0.00
191.25 191.25  0.00

75 3 -1 4
191.25 191.25 129.49
-191.25 191.25 129.49
-191.25 -191.25 129.49
191.25 -191.25 129.49

74 3 -2 4
191.25 -191.25 129.49
-191.25 -191.25 129.49
-191.25 191.25 129.49
191.25 191.25 129.49

12 3 -1 4
191.25 -191.25 130.00
-191.25 -191.25 130.00
-191.25 191.25 130.00
191.25 191.25 130.00

13 3 -2 4
191.25 191.25 130.00
-191.25 191.25 130.00
-191.25 -191.25 130.00
191.25 -191.25 130.00

-1 -1 -1 -1
104 5 -1 3
 0.00 183.00 57.00
-16.00 191.00  1.00
-16.00 191.00 57.00

105 5 -2 3
-16.00 191.00 57.00
-16.00 191.00  1.00
 0.00 183.00 57.00

102 5 -1 3
16.00 191.00  1.00
 0.00 183.00 57.00
16.00 191.00 57.00

103 5 -2 3
16.00 191.00 57.00
 0.00 183.00 57.00
16.00 191.00  1.00

100 5 -1 3
-16.00 191.00  1.00
 0.00 183.00 57.00
16.00 191.00  1.00

101 5 -2 3
16.00 191.00  1.00
 0.00 183.00 57.00
-16.00 191.00  1.00

98 6 -1 3
16.00 191.00 57.00
 0.00 183.00 57.00
-16.00 191.00 57.00

99 6 -2 3
-16.00 191.00 57.00
 0.00 183.00 57.00
16.00 191.00 57.00

96 5 -1 4
-16.00 191.00 57.00
-16.00 191.00  1.00
16.00 191.00  1.00
16.00 191.00 57.00

97 5 -2 4
16.00 191.00 57.00
16.00 191.00  1.00
-16.00 191.00  1.00
-16.00 191.00 57.00

-1 -1 -1 -1
